496.9642333984375,74.99456024169922,809.9793090820312
497.6278076171875,74.96936798095703,809.9793090820312
498.5561218261719,74.93400573730469,809.9793090820312
500.00250244140625,74.87886810302734,809.9791870117188
502.4035339355469,74.78680419921875,809.9791870117188
507.8514099121094,74.57918548583984,809.9286499023438
517.1377563476562,74.22364044189453,809.7166137695312
530.8759155273438,73.69621276855469,809.4039916992188
546.9947509765625,73.07561492919922,809.0374755859375
567.7665405273438,72.27368927001953,808.6260986328125
590.0612182617188,71.40949249267578,808.902099609375
616.1637573242188,70.39506530761719,809.3150634765625
644.513916015625,69.28961181640625,810.2587890625
674.4825439453125,68.0062026977539,812.46630859375
708.0261840820312,66.31729125976562,815.09130859375
744.7944946289062,64.47441864013672,817.4537353515625
779.9009399414062,62.716156005859375,819.698974609375
820.817626953125,60.66834259033203,822.315185546875
861.48583984375,58.634490966796875,824.9147338867188
904.849609375,56.467552185058594,827.6860961914062
947.33154296875,54.34640121459961,830.4000854492188
995.6256103515625,51.93727493286133,833.4846801757812
1041.9002685546875,49.6312255859375,836.4393310546875
1089.386962890625,47.267372131347656,839.4705810546875
1140.226318359375,44.73982620239258,842.7151489257812
1192.8853759765625,42.12571334838867,846.0747680664062
1243.47802734375,39.61843490600586,849.301513671875
1296.5257568359375,36.99474334716797,852.684326171875
1351.703125,34.27253723144531,856.2015991210938
1403.8760986328125,31.706491470336914,859.5266723632812
1459.6837158203125,28.972728729248047,863.0834350585938
1514.025634765625,26.32596206665039,866.5457763671875
1570.425537109375,23.603349685668945,870.1376953125
1623.18310546875,21.098251342773438,873.497314453125
1677.9075927734375,18.649505615234375,876.9810180664062
1735.599609375,16.09578514099121,880.6500854492188
1788.9815673828125,13.598591804504395,884.0432739257812
1844.052734375,11.015481948852539,887.5426635742188
1889.8463134765625,8.867209434509277,890.4793701171875
1927.355712890625,7.103995323181152,895.4671630859375
1955.308837890625,5.795666217803955,897.7517700195312
1975.752197265625,4.844036102294922,897.999755859375
1992.2652587890625,4.080543041229248,896.6665649414062
2007.1669921875,3.392848491668701,895.7799682617188
2024.5184326171875,2.593553304672241,895.634033203125
2043.0787353515625,1.7435582876205444,896.0366821289062
2066.370849609375,0.6950869560241699,896.7633666992188
2090.67236328125,0.0880514532327652,897.5282592773438
2117.566162109375,0.10107769072055817,899.5635986328125
2144.529296875,0.08050792664289474,906.9840698242188
2157.26904296875,0.07889137417078018,921.4615478515625
2158.894775390625,0.07869888097047806,933.4318237304688
2160.206787109375,0.07853412628173828,942.7727661132812
2161.507568359375,0.07842147350311279,952.0310668945312
2163.127197265625,0.07831123471260071,963.565185546875
2164.479248046875,0.07832401245832443,977.1405029296875
2165.242431640625,0.07837378978729248,994.6719360351562
2165.381103515625,0.07839541882276535,1014.7803955078125
2163.70947265625,0.07840892672538757,1037.8001708984375
2159.956298828125,0.07841869443655014,1063.2354736328125
2152.94580078125,0.07841972261667252,1089.2020263671875
2142.399658203125,0.07841350138187408,1116.55029296875
2129.76318359375,0.07838913053274155,1145.9290771484375
2116.5087890625,0.0783558264374733,1177.0694580078125
2105.2763671875,0.07837070524692535,1209.4259033203125
2096.936279296875,0.07848808169364929,1246.8929443359375
2090.267822265625,0.0786818265914917,1285.74853515625
2086.413330078125,0.07890476286411285,1324.4937744140625
2082.6640625,0.07917354255914688,1366.2406005859375
2078.838623046875,0.07946613430976868,1409.0010986328125
2074.9267578125,0.07977882027626038,1452.7393798828125
2070.865966796875,0.08011405915021896,1498.1534423828125
2066.964599609375,0.08047366887331009,1545.70556640625
2065.364501953125,0.08084216713905334,1594.262451171875
2064.3447265625,0.0812118873000145,1642.148193359375
2063.3046875,0.08160114288330078,1692.45849609375
2060.8515625,0.08196476101875305,1739.578125
2056.345458984375,0.08237193524837494,1793.0089111328125
2053.584228515625,0.08275192230939865,1843.3604736328125
2051.762939453125,0.0831337720155716,1894.8004150390625
2050.235595703125,0.08351226896047592,1947.66357421875
2049.57421875,0.0843316987156868,2000.6553955078125
2049.171875,0.08506618440151215,2047.137939453125
2049.06396484375,0.08518809825181961,2078.96142578125
2049.632080078125,0.08491706848144531,2100.747314453125
2048.10400390625,0.08084212988615036,2117.12158203125
2045.494140625,0.07934795320034027,2129.691162109375
2042.4722900390625,0.09133979678153992,2141.47021484375
2038.42138671875,0.1270485669374466,2154.058349609375
2032.814453125,0.21456848084926605,2168.80078125
2024.1260986328125,0.4241234064102173,2185.5361328125
2009.329345703125,1.0835177898406982,2201.45458984375
1988.960693359375,4.018250465393066,2210.9267578125
1967.4248046875,7.277471542358398,2214.078857421875
1941.36328125,11.357664108276367,2216.2744140625
1915.92041015625,15.416107177734375,2218.402587890625
1887.8104248046875,19.923126220703125,2219.56396484375
1860.4967041015625,24.30538558959961,2220.507080078125
1829.982421875,29.15970230102539,2220.529541015625
1798.935546875,33.9577751159668,2220.221435546875
1768.7410888671875,37.72509002685547,2216.478759765625
1735.23046875,41.3150520324707,2211.787353515625
1701.3406982421875,45.18708419799805,2207.166259765625
1667.332763671875,49.29779815673828,2204.29150390625
1631.1312255859375,53.92525863647461,2203.1298828125
1594.675537109375,58.82762908935547,2201.718505859375
1556.419921875,64.12828826904297,2201.76708984375
1521.7574462890625,68.95362091064453,2202.10498046875
1481.4112548828125,74.43641662597656,2202.498291015625
1441.9774169921875,79.52783203125,2202.881591796875
1402.1182861328125,84.3333969116211,2203.2724609375
1363.791259765625,88.61461639404297,2203.655517578125
1321.2379150390625,92.9958267211914,2204.092041015625
1280.072509765625,96.87969207763672,2207.518310546875
1237.5819091796875,99.34974670410156,2214.1962890625
1197.879150390625,100.53632354736328,2222.673828125
1154.087158203125,102.85222625732422,2234.69384765625
1122.68603515625,104.5213851928711,2242.475830078125
1099.0787353515625,105.70337677001953,2243.217041015625
1084.0230712890625,106.43744659423828,2244.342529296875
1070.75244140625,107.06436920166016,2245.5078125
1058.726806640625,107.6126937866211,2246.32470703125
1045.4801025390625,108.19168090820312,2246.77880859375
1028.9639892578125,108.869384765625,2247.197021484375
1009.5353393554688,109.58430480957031,2247.6884765625
988.5630493164062,110.34487915039062,2247.976806640625
965.3614501953125,111.26478576660156,2247.814453125
940.21435546875,112.33915710449219,2246.842041015625
912.022216796875,113.61507415771484,2245.66015625
881.033935546875,115.06414794921875,2244.361328125
850.006103515625,116.50711822509766,2243.04833984375
818.0596923828125,117.92124938964844,2239.5517578125
783.0232543945312,119.30845642089844,2234.489990234375
749.4365234375,120.4124984741211,2228.5048828125
725.7374877929688,121.0604476928711,2220.47314453125
710.5711669921875,121.46501922607422,2211.7470703125
699.8225708007812,121.7518539428711,2203.403076171875
691.3767700195312,121.97802734375,2194.21533203125
685.0994262695312,121.96715545654297,2183.294189453125
678.7176513671875,121.81218719482422,2168.593505859375
674.365478515625,121.54891967773438,2150.496826171875
671.4337158203125,121.18877410888672,2129.821044921875
668.0343627929688,120.67964935302734,2104.121337890625
664.9398803710938,120.14295959472656,2079.259033203125
662.9685668945312,119.4736557006836,2049.943115234375
661.058349609375,118.7114028930664,2018.162109375
658.9805908203125,117.84794616699219,1983.556640625
656.9097290039062,116.96014404296875,1949.068603515625
654.6484375,115.96552276611328,1911.4049072265625
652.3477783203125,114.93141174316406,1873.0848388671875
649.9072875976562,113.81404113769531,1832.4388427734375
647.28564453125,112.59403991699219,1788.7904052734375
644.705322265625,111.37623596191406,1745.8463134765625
641.8168334960938,109.99563598632812,1697.792724609375
639.0843505859375,108.67525482177734,1652.363037109375
636.2212524414062,107.28648376464844,1605.0401611328125
631.9521484375,105.83477020263672,1556.09375
621.8973999023438,104.3323974609375,1506.5157470703125
610.4290771484375,102.97102355957031,1462.4500732421875
597.9080200195312,101.8936767578125,1428.892333984375
591.988525390625,101.0904769897461,1402.2945556640625
582.4359741210938,100.6412353515625,1389.57666015625
575.6588745117188,100.28567504882812,1379.9952392578125
570.3591918945312,99.95333099365234,1370.932373046875
564.8160400390625,99.59661102294922,1361.59716796875
557.9761352539062,99.1412582397461,1350.14404296875
549.4506225585938,98.55719757080078,1336.1474609375
538.3638916015625,97.8067398071289,1319.4742431640625
525.9205932617188,96.95219421386719,1301.7020263671875
511.1431884765625,95.88894653320312,1280.5982666015625
494.9757385253906,94.66133880615234,1257.04296875
479.5363464355469,93.3338623046875,1231.1715087890625
466.4952087402344,91.95337677001953,1202.781982421875
456.7377624511719,90.551513671875,1171.677978515625
452.5205078125,89.54976654052734,1148.594970703125
450.6418762207031,88.81103515625,1132.2811279296875
450.0260314941406,88.24752044677734,1120.0352783203125
449.5804443359375,87.72404479980469,1108.74755859375
449.7361755371094,87.16163635253906,1096.656982421875
450.576904296875,86.4139404296875,1080.5760498046875
451.52142333984375,85.58653259277344,1062.5875244140625
452.64349365234375,84.62737274169922,1041.3428955078125
454.8558044433594,83.54204559326172,1016.8572387695312
457.8585205078125,82.32963562011719,988.6422729492188
461.3215637207031,81.12797546386719,959.1831665039062
462.3580322265625,80.0257339477539,931.739013671875
461.97686767578125,79.13701629638672,910.72802734375
460.2955627441406,78.51678466796875,896.0941772460938
458.9112854003906,78.04789733886719,884.7372436523438
457.6236877441406,77.62762451171875,874.1647338867188
456.0975341796875,77.1571044921875,861.6195068359375
454.33123779296875,76.66364288330078,847.0750732421875
452.74798583984375,76.32807159423828,829.2400512695312
455.47393798828125,76.34599304199219,815.8404541015625
461.9975280761719,76.29582214355469,810.6527099609375
468.0364990234375,76.0714340209961,808.008056640625
474.1112365722656,75.84803009033203,806.32421875
482.3511657714844,75.54315185546875,805.125244140625
493.4072265625,75.12928009033203,804.0107421875
508.5959777832031,74.5543441772461,804.0667724609375
526.9624633789062,73.85163116455078,805.1304321289062
548.4193725585938,73.02462768554688,806.4715576171875
573.0601196289062,72.06997680664062,808.0125732421875
598.9616088867188,71.06275177001953,809.575927734375
628.273193359375,69.91969299316406,811.21484375
660.509765625,68.6593246459961,812.8739013671875
694.794921875,66.9822769165039,813.8384399414062
730.5143432617188,65.19308471679688,815.6181640625
769.2788696289062,63.24591827392578,819.684326171875
803.3880004882812,61.53324508666992,823.6116943359375
831.4803466796875,60.12813949584961,825.2515258789062
850.0888671875,59.20008087158203,825.6580810546875
863.7640380859375,58.51829147338867,825.9197387695312
872.684326171875,58.073631286621094,826.0902099609375
875.194091796875,57.94853973388672,826.1381225585938
