53.25192642211914,0.017377452924847603,8.68398380279541,-0.00012207002873765305,0.15099498629570007,-90.28911590576172
53.251956939697266,0.011240482330322266,8.68398380279541,-6.10383358434774e-05,0.14387792348861694,-90.28911590576172
53.251956939697266,0.011240482330322266,8.68398380279541,-6.10383358434774e-05,0.14387792348861694,-90.28911590576172
53.251976013183594,0.009752712212502956,8.68398380279541,-6.103832856751978e-05,0.14220453798770905,-90.28911590576172
53.251976013183594,0.009752712212502956,8.68398380279541,-6.103832856751978e-05,0.14220453798770905,-90.28911590576172
53.251976013183594,0.009752712212502956,8.68398380279541,-6.103832856751978e-05,0.14220453798770905,-90.28911590576172
53.25199890136719,0.008116512559354305,8.68398380279541,-3.0515826438204385e-05,0.13986177742481232,-90.28911590576172
53.25199890136719,0.008116512559354305,8.68398380279541,-3.0515826438204385e-05,0.13986177742481232,-90.28911590576172
53.25199890136719,0.008116512559354305,8.68398380279541,-3.0515826438204385e-05,0.13986177742481232,-90.28911590576172
53.25201416015625,0.0070439716801047325,8.68398380279541,-3.050915438507218e-05,0.13845475018024445,-90.28911590576172
53.25201416015625,0.0070439716801047325,8.68398380279541,-3.050915438507218e-05,0.13845475018024445,-90.28911590576172
53.25202560424805,0.006375255528837442,8.68398380279541,6.6701253409462424e-09,0.13764196634292603,-90.28911590576172
53.25202560424805,0.006375255528837442,8.68398380279541,6.6701253409462424e-09,0.13764196634292603,-90.28911590576172
53.25202560424805,0.006375255528837442,8.68398380279541,6.6701253409462424e-09,0.13764196634292603,-90.28911590576172
53.25202560424805,0.006375255528837442,8.68398380279541,6.6701253409462424e-09,0.13764196634292603,-90.28911590576172
53.25202560424805,0.006375255528837442,8.68398380279541,6.6701253409462424e-09,0.13764196634292603,-90.28911590576172
53.25202560424805,0.006375255528837442,8.68398380279541,6.6701253409462424e-09,0.13764196634292603,-90.28911590576172
53.25202560424805,0.006375255528837442,8.68398380279541,6.6701253409462424e-09,0.13764196634292603,-90.28911590576172
53.25202560424805,0.006375255528837442,8.68398380279541,6.6701253409462424e-09,0.13764196634292603,-90.28911590576172
53.25202560424805,0.006375255528837442,8.68398380279541,6.6701253409462424e-09,0.13764196634292603,-90.28911590576172
53.25202560424805,0.006375255528837442,8.68398380279541,6.6701253409462424e-09,0.13764196634292603,-90.28911590576172
53.25202560424805,0.006375255528837442,8.68398380279541,6.6701253409462424e-09,0.13764196634292603,-90.28911590576172
53.25202560424805,0.006375255528837442,8.68398380279541,6.6701253409462424e-09,0.13764196634292603,-90.28911590576172
53.25202560424805,0.006375255528837442,8.68398380279541,6.6701253409462424e-09,0.13764196634292603,-90.28911590576172
53.25202560424805,0.006375255528837442,8.68398380279541,6.6701253409462424e-09,0.13764196634292603,-90.28911590576172
53.25202560424805,0.006375255528837442,8.68398380279541,6.6701253409462424e-09,0.13764196634292603,-90.28911590576172
53.25202560424805,0.006375255528837442,8.68398380279541,6.6701253409462424e-09,0.13764196634292603,-90.28911590576172
53.25202560424805,0.006375255528837442,8.68398380279541,6.6701253409462424e-09,0.13764196634292603,-90.28911590576172
53.25202560424805,0.006375255528837442,8.68398380279541,6.6701253409462424e-09,0.13764196634292603,-90.28911590576172
53.25202560424805,0.006375255528837442,8.68398380279541,6.6701253409462424e-09,0.13764196634292603,-90.28911590576172
53.25202560424805,0.006375255528837442,8.68398380279541,6.6701253409462424e-09,0.13764196634292603,-90.28911590576172
53.25202560424805,0.006375255528837442,8.68398380279541,6.6701253409462424e-09,0.13764196634292603,-90.28911590576172
53.25202560424805,0.006375255528837442,8.68398380279541,6.6701253409462424e-09,0.13764196634292603,-90.28911590576172
53.25202560424805,0.006375255528837442,8.68398380279541,6.6701253409462424e-09,0.13764196634292603,-90.28911590576172
53.25202560424805,0.006375255528837442,8.68398380279541,6.6701253409462424e-09,0.13764196634292603,-90.28911590576172
53.25202560424805,0.006375255528837442,8.68398380279541,6.6701253409462424e-09,0.13764196634292603,-90.28911590576172
53.25202560424805,0.006375255528837442,8.68398380279541,6.6701253409462424e-09,0.13764196634292603,-90.28911590576172
53.25202560424805,0.006375255528837442,8.68398380279541,6.6701253409462424e-09,0.13764196634292603,-90.28911590576172
53.25202560424805,0.006375255528837442,8.68398380279541,6.6701253409462424e-09,0.13764196634292603,-90.28911590576172
53.25202560424805,0.006375255528837442,8.68398380279541,6.6701253409462424e-09,0.13764196634292603,-90.28911590576172
53.25202941894531,0.006568317301571369,8.68398380279541,6.6701253409462424e-09,0.1372389793395996,-90.28911590576172
53.25202941894531,0.006447543855756521,8.68398380279541,0.0,0.13708871603012085,-90.28911590576172
53.25202941894531,0.006447543855756521,8.68398380279541,0.0,0.13708871603012085,-90.28911590576172
53.25202941894531,0.005986804608255625,8.68398380279541,6.6701253409462424e-09,0.1369726061820984,-90.28911590576172
53.25202941894531,0.005986804608255625,8.68398380279541,6.6701253409462424e-09,0.1369726061820984,-90.28911590576172
53.25202941894531,0.005986804608255625,8.68398380279541,6.6701253409462424e-09,0.1369726061820984,-90.28911590576172
53.25202941894531,0.0058172415010631084,8.68398380279541,6.6701253409462424e-09,0.1369726061820984,-90.28911590576172
53.25202941894531,0.0058172415010631084,8.68398380279541,6.6701253409462424e-09,0.1369726061820984,-90.28911590576172
53.25202941894531,0.0057893181219697,8.68398380279541,6.6701253409462424e-09,0.1368291676044464,-90.28911590576172
53.25202941894531,0.0057893181219697,8.68398380279541,6.6701253409462424e-09,0.1368291676044464,-90.28911590576172
53.25202941894531,0.0057893181219697,8.68398380279541,6.6701253409462424e-09,0.1368291676044464,-90.28911590576172
53.25202941894531,0.0057893181219697,8.68398380279541,6.6701253409462424e-09,0.1368291676044464,-90.28911590576172
53.25203323364258,0.005699710920453072,8.68398380279541,6.6701253409462424e-09,0.1368291676044464,-90.28911590576172
53.25203323364258,0.005699710920453072,8.68398380279541,6.6701253409462424e-09,0.1368291676044464,-90.28911590576172
53.25203323364258,0.005699710920453072,8.68398380279541,6.6701253409462424e-09,0.1368291676044464,-90.28911590576172
53.25203323364258,0.005612316075712442,8.68398380279541,6.6701253409462424e-09,0.1368291676044464,-90.28911590576172
53.25203323364258,0.005612316075712442,8.68398380279541,6.6701253409462424e-09,0.1368291676044464,-90.28911590576172
53.25203323364258,0.005546855740249157,8.68398380279541,6.6701253409462424e-09,0.1368291676044464,-90.28911590576172
53.25203323364258,0.005517902318388224,8.68398380279541,6.6701253409462424e-09,0.13671305775642395,-90.28911590576172
53.25203323364258,0.005517902318388224,8.68398380279541,6.6701253409462424e-09,0.13671305775642395,-90.28911590576172
53.25203323364258,0.005517902318388224,8.68398380279541,6.6701253409462424e-09,0.13671305775642395,-90.28911590576172
53.25203323364258,0.0053836628794670105,8.68398380279541,6.6701253409462424e-09,0.13671305775642395,-90.28911590576172
53.25203323364258,0.0053836628794670105,8.68398380279541,6.6701253409462424e-09,0.13671305775642395,-90.28911590576172
53.25203323364258,0.005458927247673273,8.68398380279541,6.6701253409462424e-09,0.13671305775642395,-90.28911590576172
53.25203323364258,0.005458927247673273,8.68398380279541,6.6701253409462424e-09,0.13671305775642395,-90.28911590576172
53.25203323364258,0.005370693281292915,8.68398380279541,6.6701253409462424e-09,0.13671305775642395,-90.28911590576172
53.25203323364258,0.005370693281292915,8.68398380279541,6.6701253409462424e-09,0.13671305775642395,-90.28911590576172
53.25203323364258,0.005370693281292915,8.68398380279541,6.6701253409462424e-09,0.13671305775642395,-90.28911590576172
53.25203323364258,0.005370693281292915,8.68398380279541,6.6701253409462424e-09,0.13671305775642395,-90.28911590576172
53.25203323364258,0.005366611294448376,8.68398380279541,6.6701253409462424e-09,0.13671305775642395,-90.28911590576172
53.25203323364258,0.005366611294448376,8.68398380279541,6.6701253409462424e-09,0.13671305775642395,-90.28911590576172
53.25203323364258,0.005366611294448376,8.68398380279541,6.6701253409462424e-09,0.13671305775642395,-90.28911590576172
53.25203323364258,0.005386600270867348,8.68398380279541,6.6701253409462424e-09,0.13671305775642395,-90.28911590576172
53.25203323364258,0.005386600270867348,8.68398380279541,6.6701253409462424e-09,0.13671305775642395,-90.28911590576172
53.25203323364258,0.005348301026970148,8.68398380279541,6.6701253409462424e-09,0.13671305775642395,-90.28911590576172
53.25203323364258,0.005348301026970148,8.68398380279541,6.6701253409462424e-09,0.13671305775642395,-90.28911590576172
53.25203323364258,0.0053117177449166775,8.68398380279541,6.6701253409462424e-09,0.13671305775642395,-90.28911590576172
53.25203323364258,0.0053117177449166775,8.68398380279541,6.6701253409462424e-09,0.13671305775642395,-90.28911590576172
53.25203323364258,0.0053117177449166775,8.68398380279541,6.6701253409462424e-09,0.13671305775642395,-90.28911590576172
53.25203323364258,0.005356197245419025,8.68398380279541,6.6701253409462424e-09,0.13671305775642395,-90.28911590576172
53.25203323364258,0.005409832112491131,8.68398380279541,6.6701253409462424e-09,0.13671305775642395,-90.28911590576172
53.25203323364258,0.005409832112491131,8.68398380279541,6.6701253409462424e-09,0.13671305775642395,-90.28911590576172
53.25203323364258,0.005207919981330633,8.68398380279541,6.6701253409462424e-09,0.13671305775642395,-90.28911590576172
53.25203323364258,0.005207919981330633,8.68398380279541,6.6701253409462424e-09,0.13671305775642395,-90.28911590576172
53.25203323364258,0.005205478519201279,8.68398380279541,6.6701253409462424e-09,0.13671305775642395,-90.28911590576172
53.25203323364258,0.005205478519201279,8.68398380279541,6.6701253409462424e-09,0.13671305775642395,-90.28911590576172
53.25203323364258,0.005205478519201279,8.68398380279541,6.6701253409462424e-09,0.13671305775642395,-90.28911590576172
53.25203323364258,0.005205478519201279,8.68398380279541,6.6701253409462424e-09,0.13671305775642395,-90.28911590576172
53.25203323364258,0.005350055638700724,8.68398380279541,6.6701253409462424e-09,0.13671305775642395,-90.28911590576172
53.25203323364258,0.005350055638700724,8.68398380279541,6.6701253409462424e-09,0.13671305775642395,-90.28911590576172
53.25203323364258,0.005350055638700724,8.68398380279541,6.6701253409462424e-09,0.13671305775642395,-90.28911590576172
53.25203323364258,0.005462093278765678,8.68398380279541,6.6701253409462424e-09,0.13671305775642395,-90.28911590576172
53.25203323364258,0.005462093278765678,8.68398380279541,6.6701253409462424e-09,0.13671305775642395,-90.28911590576172
53.25203323364258,0.005462093278765678,8.68398380279541,6.6701253409462424e-09,0.13671305775642395,-90.28911590576172
53.25203323364258,0.005462093278765678,8.68398380279541,6.6701253409462424e-09,0.13671305775642395,-90.28911590576172
53.25203323364258,0.005462093278765678,8.68398380279541,6.6701253409462424e-09,0.13671305775642395,-90.28911590576172
53.25203323364258,0.005456447601318359,8.68398380279541,6.6701253409462424e-09,0.13671305775642395,-90.28911590576172
53.25203323364258,0.0054127308540046215,8.68398380279541,6.6701253409462424e-09,0.13671305775642395,-90.28911590576172
53.25203323364258,0.0054127308540046215,8.68398380279541,6.6701253409462424e-09,0.13671305775642395,-90.28911590576172
53.25203323364258,0.005249309353530407,8.68398380279541,6.6701253409462424e-09,0.13671305775642395,-90.28911590576172
53.25203323364258,0.005249309353530407,8.68398380279541,6.6701253409462424e-09,0.13671305775642395,-90.28911590576172
53.25203323364258,0.005249309353530407,8.68398380279541,6.6701253409462424e-09,0.13671305775642395,-90.28911590576172
53.25203323364258,0.005213375203311443,8.68398380279541,6.6701253409462424e-09,0.13671305775642395,-90.28911590576172
53.25203323364258,0.005213375203311443,8.68398380279541,6.6701253409462424e-09,0.13671305775642395,-90.28911590576172
53.24759292602539,0.005709285382181406,8.683960914611816,9.891139779938385e-05,0.16088509559631348,-90.28905487060547
53.24759292602539,0.005709285382181406,8.683960914611816,9.891139779938385e-05,0.16088509559631348,-90.28905487060547
53.150726318359375,0.009393710643053055,8.68344783782959,-0.0007019068580120802,0.48268944025039673,-90.28662109375
53.150726318359375,0.009393710643053055,8.68344783782959,-0.0007019068580120802,0.48268944025039673,-90.28662109375
53.00202560424805,0.011823863722383976,8.682690620422363,-0.0023193226661533117,0.7141440510749817,-90.28502655029297
53.00202560424805,0.011823863722383976,8.682690620422363,-0.0023193226661533117,0.7141440510749817,-90.28502655029297
53.00202560424805,0.011823863722383976,8.682690620422363,-0.0023193226661533117,0.7141440510749817,-90.28502655029297
52.786136627197266,0.013181095011532307,8.681602478027344,-0.003936727065593004,0.8210160136222839,-90.28364562988281
52.786136627197266,0.013181095011532307,8.681602478027344,-0.003936727065593004,0.8210160136222839,-90.28364562988281
52.53401184082031,0.013170108199119568,8.680341720581055,-0.004852220881730318,0.8162280321121216,-90.28246307373047
52.53401184082031,0.013170108199119568,8.680341720581055,-0.004852220881730318,0.8162280321121216,-90.28246307373047
52.53401184082031,0.013170108199119568,8.680341720581055,-0.004852220881730318,0.8162280321121216,-90.28246307373047
52.24995422363281,0.012611598707735538,8.67892837524414,-0.005065892357379198,0.7667296528816223,-90.28129577636719
52.24995422363281,0.012611598707735538,8.67892837524414,-0.005065892357379198,0.7667296528816223,-90.28129577636719
51.93476486206055,0.011990374885499477,8.6773681640625,-0.004882815759629011,0.7129077911376953,-90.280029296875
51.93476486206055,0.011990374885499477,8.6773681640625,-0.004882815759629011,0.7129077911376953,-90.280029296875
51.58793640136719,0.011510372161865234,8.675660133361816,-0.004577608313411474,0.6716943979263306,-90.2786636352539
51.58793640136719,0.011510372161865234,8.675660133361816,-0.004577608313411474,0.6716943979263306,-90.2786636352539
51.20853805541992,0.011217212304472923,8.67380142211914,-0.004302946384996176,0.6467574238777161,-90.2771224975586
50.865501403808594,0.01087762787938118,8.672127723693848,-0.004150396678596735,0.6374546885490417,-90.27570343017578
50.865501403808594,0.01087762787938118,8.672127723693848,-0.004150396678596735,0.6374546885490417,-90.27570343017578
50.52227020263672,0.010938205756247044,8.670461654663086,-0.004089347552508116,0.6364848017692566,-90.27426147460938
50.52227020263672,0.010938205756247044,8.670461654663086,-0.004089347552508116,0.6364848017692566,-90.27426147460938
50.52227020263672,0.010938205756247044,8.670461654663086,-0.004089347552508116,0.6364848017692566,-90.27426147460938
50.0516242980957,0.011158809065818787,8.668190002441406,-0.004119877237826586,0.643308162689209,-90.27228546142578
50.0516242980957,0.011158809065818787,8.668190002441406,-0.004119877237826586,0.643308162689209,-90.27228546142578
49.54292297363281,0.010759181343019009,8.665753364562988,-0.004272430203855038,0.6567977666854858,-90.26997375488281
48.99535369873047,0.010614375583827496,8.663150787353516,-0.004516561049968004,0.6736546754837036,-90.26753234863281
48.99535369873047,0.010614375583827496,8.663150787353516,-0.004516561049968004,0.6736546754837036,-90.26753234863281
48.580257415771484,0.01077413558959961,8.661192893981934,-0.0047302450984716415,0.686352014541626,-90.26569366455078
48.083984375,0.011028003878891468,8.658867835998535,-0.0049743507988750935,0.7014467120170593,-90.26335906982422
47.58712387084961,0.011258029378950596,8.656558990478516,-0.005249061156064272,0.714519739151001,-90.26103973388672
47.58712387084961,0.011258029378950596,8.656558990478516,-0.005249061156064272,0.714519739151001,-90.26103973388672
47.08312225341797,0.011444530449807644,8.654236793518066,-0.0055236369371414185,0.7251952886581421,-90.25872802734375
46.57170486450195,0.011586016975343227,8.651899337768555,-0.0057678199373185635,0.733336865901947,-90.25630187988281
46.57170486450195,0.011586016975343227,8.651899337768555,-0.0057678199373185635,0.733336865901947,-90.25630187988281
45.99482727050781,0.011697825975716114,8.649288177490234,-0.006012001074850559,0.739736795425415,-90.2536849975586
45.99482727050781,0.011697825975716114,8.649288177490234,-0.006012001074850559,0.739736795425415,-90.2536849975586
45.38451385498047,0.01177099160850048,8.646553039550781,-0.006256126333028078,0.7437528967857361,-90.25091552734375
45.38451385498047,0.01177099160850048,8.646553039550781,-0.006256126333028078,0.7437528967857361,-90.25091552734375
44.57603454589844,0.011817912571132183,8.642973899841309,-0.006561299320310354,0.7458770871162415,-90.24725341796875
44.57603454589844,0.011817912571132183,8.642973899841309,-0.006561299320310354,0.7458770871162415,-90.24725341796875
44.57603454589844,0.011817912571132183,8.642973899841309,-0.006561299320310354,0.7458770871162415,-90.24725341796875
43.72689437866211,0.011826533824205399,8.63926887512207,-0.006805364973843098,0.7454262971878052,-90.24346160888672
43.72689437866211,0.011826533824205399,8.63926887512207,-0.006805364973843098,0.7454262971878052,-90.24346160888672
43.72689437866211,0.011826533824205399,8.63926887512207,-0.006805364973843098,0.7454262971878052,-90.24346160888672
42.8375129699707,0.011809100396931171,8.635444641113281,-0.007049561012536287,0.7431245446205139,-90.23956298828125
42.8375129699707,0.011809100396931171,8.635444641113281,-0.007049561012536287,0.7431245446205139,-90.23956298828125
42.8375129699707,0.011809100396931171,8.635444641113281,-0.007049561012536287,0.7431245446205139,-90.23956298828125
42.8375129699707,0.011809100396931171,8.635444641113281,-0.007049561012536287,0.7431245446205139,-90.23956298828125
41.90834426879883,0.0117738526314497,8.631512641906738,-0.007293702103197575,0.7395591735839844,-90.23556518554688
41.90834426879883,0.0117738526314497,8.631512641906738,-0.007293702103197575,0.7395591735839844,-90.23556518554688
41.90834426879883,0.0117738526314497,8.631512641906738,-0.007293702103197575,0.7395591735839844,-90.23556518554688
40.9398307800293,0.011726741679012775,8.627480506896973,-0.007507315371185541,0.7351058721542358,-90.2314224243164
40.9398307800293,0.011726741679012775,8.627480506896973,-0.007507315371185541,0.7351058721542358,-90.2314224243164
39.932411193847656,0.0116723058745265,8.623357772827148,-0.007720954716205597,0.7301061749458313,-90.22716522216797
38.954952239990234,0.011617260053753853,8.619427680969238,-0.007934593595564365,0.7251338362693787,-90.2231216430664
38.954952239990234,0.011617260053753853,8.619427680969238,-0.007934593595564365,0.7251338362693787,-90.2231216430664
38.954952239990234,0.011617260053753853,8.619427680969238,-0.007934593595564365,0.7251338362693787,-90.2231216430664
37.906982421875,0.011557025834918022,8.615286827087402,-0.008148257620632648,0.7197038531303406,-90.21881866455078
37.906982421875,0.011557025834918022,8.615286827087402,-0.008148257620632648,0.7197038531303406,-90.21881866455078
36.78912353515625,0.011493396945297718,8.610955238342285,-0.00836181454360485,0.7139869332313538,-90.21428680419922
35.63412857055664,0.011429118923842907,8.6065673828125,-0.008575450628995895,0.7082427740097046,-90.20964813232422
35.63412857055664,0.011429118923842907,8.6065673828125,-0.008575450628995895,0.7082427740097046,-90.20964813232422
35.63412857055664,0.011429118923842907,8.6065673828125,-0.008575450628995895,0.7082427740097046,-90.20964813232422
34.588226318359375,0.011373195797204971,8.60267162322998,-0.008758535608649254,0.7032635807991028,-90.20549011230469
34.588226318359375,0.011373195797204971,8.60267162322998,-0.008758535608649254,0.7032635807991028,-90.20549011230469
33.36463165283203,0.011307964101433754,8.598207473754883,-0.00897214375436306,0.6974510550498962,-90.20073699951172
33.36463165283203,0.011307964101433754,8.598207473754883,-0.00897214375436306,0.6974510550498962,-90.20073699951172
32.10515594482422,0.011244106106460094,8.593714714050293,-0.009216250851750374,0.6917273998260498,-90.19584655761719
32.10515594482422,0.011244106106460094,8.593714714050293,-0.009216250851750374,0.6917273998260498,-90.19584655761719
30.810243606567383,0.011180629022419453,8.589203834533691,-0.00942988507449627,0.6860719919204712,-90.19091796875
30.810243606567383,0.011180629022419453,8.589203834533691,-0.00942988507449627,0.6860719919204712,-90.19091796875
29.480308532714844,0.011118068359792233,8.584683418273926,-0.009643546305596828,0.680478036403656,-90.18589782714844
29.480308532714844,0.011118068359792233,8.584683418273926,-0.009643546305596828,0.680478036403656,-90.18589782714844
28.29403305053711,0.011064929887652397,8.580744743347168,-0.009826630353927612,0.6757515668869019,-90.18147277832031
28.29403305053711,0.011064929887652397,8.580744743347168,-0.009826630353927612,0.6757515668869019,-90.18147277832031
28.29403305053711,0.011064929887652397,8.580744743347168,-0.009826630353927612,0.6757515668869019,-90.18147277832031
26.899709701538086,0.011002864688634872,8.5762300491333,-0.010070761665701866,0.6702191233634949,-90.17639923095703
26.899709701538086,0.011002864688634872,8.5762300491333,-0.010070761665701866,0.6702191233634949,-90.17639923095703
26.899709701538086,0.011002864688634872,8.5762300491333,-0.010070761665701866,0.6702191233634949,-90.17639923095703
25.471561431884766,0.010942135006189346,8.571730613708496,-0.010284368880093098,0.664789080619812,-90.17117309570312
25.471561431884766,0.010942135006189346,8.571730613708496,-0.010284368880093098,0.664789080619812,-90.17117309570312
24.00999641418457,0.010882396250963211,8.567255973815918,-0.010498082265257835,0.6594615578651428,-90.16592407226562
22.756534576416016,0.010833720676600933,8.563519477844238,-0.010681139305233955,0.6551312208175659,-90.1614761352539
22.756534576416016,0.010833720676600933,8.563519477844238,-0.010681139305233955,0.6551312208175659,-90.1614761352539
21.374149322509766,0.01078050583600998,8.559511184692383,-0.01089479960501194,0.6503773927688599,-90.15662384033203
20.161510467529297,0.01073514949530363,8.556087493896484,-0.011077910661697388,0.6463134288787842,-90.1523666381836
20.161510467529297,0.01073514949530363,8.556087493896484,-0.011077910661697388,0.6463134288787842,-90.1523666381836
18.919902801513672,0.010689944960176945,8.55267333984375,-0.011230389587581158,0.6422768235206604,-90.1480484008789
17.345537185668945,0.01063398364931345,8.548474311828613,-0.011444075964391232,0.6372975707054138,-90.14266967773438
17.345537185668945,0.01063398364931345,8.548474311828613,-0.011444075964391232,0.6372975707054138,-90.14266967773438
16.041873931884766,0.010589656420052052,8.545106887817383,-0.011627212166786194,0.633336067199707,-90.13824462890625
14.456120491027832,0.010537204332649708,8.54114055633545,-0.011840845458209515,0.6286437511444092,-90.13296508789062
14.456120491027832,0.010537204332649708,8.54114055633545,-0.011840845458209515,0.6286437511444092,-90.13296508789062
13.080638885498047,0.010492534376680851,8.537817001342773,-0.011993403546512127,0.6246685981750488,-90.12838745117188
11.466300010681152,0.010442104190587997,8.534051895141602,-0.012207036837935448,0.6201674938201904,-90.1230697631836
11.466300010681152,0.010442104190587997,8.534051895141602,-0.012207036837935448,0.6201674938201904,-90.1230697631836
9.970006942749023,0.01033998467028141,8.530692100524902,-0.01235960889607668,0.611042320728302,-90.11831665039062
9.970006942749023,0.01033998467028141,8.530692100524902,-0.01235960889607668,0.611042320728302,-90.11831665039062
9.970006942749023,0.01033998467028141,8.530692100524902,-0.01235960889607668,0.611042320728302,-90.11831665039062
8.358097076416016,0.009628543630242348,8.527223587036133,-0.01235960517078638,0.5477333068847656,-90.114501953125
6.623008728027344,0.007775173056870699,8.523646354675293,-0.011352535337209702,0.38350826501846313,-90.11351013183594
